SERIALNO=0400
TCALDATE=05-Jun-25
TA0=  4.404195e-03
TA1=  6.311131e-04
TA2=  2.390413e-05
TA3=  2.786494e-06
CCALDATE=05-Jun-25
CG= -1.015063e+01
CH=  1.138951e+00
CI= -2.900711e-03
CJ=  2.968458e-04
CTCOR=  3.250000e-06
CPCOR= -9.570000e-08
